# x/r_s, F*M/(rho_s*r_s^3)
1.000000000000000082e-05 7.323535500454203154e-09
1.071766885445503435e-05 8.362368388653329290e-09
1.148684256737554795e-05 9.548265498478564181e-09
1.231121748203889624e-05 1.090186283927973834e-08
1.319475521676705910e-05 1.244700026922706040e-08
1.414170170289024019e-05 1.421055898589838444e-08
1.515660758900604291e-05 1.622340511345610851e-08
1.624435010958865489e-05 1.852079421546112875e-08
1.741015652304015246e-05 2.114242422160094279e-08
1.865962923181746036e-05 2.413428881237639775e-08
1.999877270535286910e-05 2.754887832928522776e-08
2.143402233514858770e-05 3.144437176719644841e-08
2.297227536071151343e-05 3.589025108268782917e-08
2.462092401494625450e-05 4.096238609425563310e-08
2.638789104828934555e-05 4.674934313056430290e-08
2.828166780230035161e-05 5.335209243870909126e-08
3.031135501567576034e-05 6.088458827333812097e-08
3.248670655878375073e-05 6.947812454293854539e-08
3.481817630688966499e-05 7.928001486709458216e-08
3.731696837732755809e-05 9.046238313357174160e-08
3.999509097203669263e-05 1.032161378313754340e-07
4.286541408420925384e-05 1.177614044332245841e-07
4.594173134636476128e-05 1.343513661545278608e-07
4.923882631706741526e-05 1.532713189151306229e-07
5.277254352483532347e-05 1.748476739572009740e-07
5.655986461065002122e-05 1.994513672172879441e-07
6.061898993497572295e-05 2.275063286890976434e-07
6.496942604146124583e-05 2.594970157036714950e-07
6.963207939763889495e-05 2.959667352470296259e-07
7.462935686310129138e-05 3.375514362624736690e-07
7.998527336796708482e-05 3.849540795249084773e-07
8.572556731909324328e-05 4.389855095458843092e-07
9.187782428863340426e-05 5.005802472896890225e-07
9.847160957933763601e-05 5.707840107191170169e-07
1.055386103036522926e-04 6.508002060467432853e-07
1.131127876593921339e-04 7.419910589648968559e-07
1.212305401337652864e-04 8.459128573900695478e-07
1.299308784200415917e-04 9.643442799834482674e-07
1.392556128874463273e-04 1.099274317069634908e-06
1.492495545051829070e-04 1.253016911491966421e-06
1.599607301861487752e-04 1.428201873129508858e-06
1.714406135851971895e-04 1.627733164070332448e-06
1.837443724610726800e-04 1.855053133956188562e-06
1.969311337907421727e-04 2.113972829525488667e-06
2.110642679101554697e-04 2.408887194248749706e-06
2.262116930469026423e-04 2.744761728327698456e-06
2.424462017082328286e-04 3.127265212298689354e-06
2.598458104929247036e-04 3.562875437578495931e-06
2.784941350080644140e-04 4.058811381121133857e-06
2.984807916924327501e-04 4.623570891946951970e-06
3.199018284775067438e-04 5.266461287104234353e-06
3.428601863556586678e-04 5.998226625201400649e-06
3.674661940736688058e-04 6.831287460935657123e-06
3.938380983288488940e-04 7.779411732869167824e-06
4.221026320156903168e-04 8.858479095643059846e-06
4.523956232538053576e-04 1.008654792156222700e-05
4.848626481239078079e-04 1.148376862871755822e-05
5.196597302486197180e-04 1.307363468730212120e-05
5.569540905800135630e-04 1.488242943121885187e-05
5.969249509970739288e-04 1.694005294831581011e-05
6.397643955748429784e-04 1.928091406058341691e-05
6.856782936641738196e-04 2.194265216726637896e-05
7.348872892180387728e-04 2.496987309144676023e-05
7.876278611187063428e-04 2.840835369997573076e-05
8.441534596012984729e-04 3.232926834904794721e-05
9.047357242349293423e-04 3.677738087038962656e-05
9.696657893145520669e-04 4.183512535122862569e-05
1.039255682936713037e-03 4.758521513672532826e-05
1.113839826482619470e-03 5.411315714582418720e-05
1.193776641714436922e-03 6.154707624148735175e-05
1.279450273207873327e-03 6.998791133976437449e-05
1.371272434398400917e-03 7.957274935543751375e-05
1.469684386112446017e-03 9.046369080661579968e-05
1.575159057091622900e-03 1.028346140081765493e-04
1.688203316700362649e-03 1.168845210376471920e-04
1.809360410738716568e-03 1.328406985802471521e-04
1.939212572065830958e-03 1.509490258974567807e-04
2.078383818579757417e-03 1.715150903370957550e-04
2.227542951999558502e-03 1.948312419188009557e-04
2.387406771860646915e-03 2.213505194907198234e-04
2.558743520168589233e-03 2.514202164117552984e-04
2.742376573264949328e-03 2.855230656138815532e-04
2.939188398646887333e-03 3.242258416286996551e-04
3.150124795755327757e-03 3.681218219363901600e-04
3.376199441111340030e-03 4.178998788546774601e-04
3.618498759642746650e-03 4.743543593762401030e-04
3.878187145610723519e-03 5.383366442752060381e-04
4.156512558225992568e-03 6.108810421481494128e-04
4.454812518844988509e-03 6.931059314855539041e-04
4.774520538566130907e-03 7.862713785903213725e-04
5.117173007114604946e-03 8.918292564753363188e-04
5.484416576121020452e-03 1.011380646844033289e-03
5.878016072274911547e-03 1.146778253760272768e-03
6.299862978380693125e-03 1.300095035823663290e-03
6.751984523072501049e-03 1.473648138413204437e-03
7.236553422869657429e-03 1.670140625214688911e-03
7.755898323389001994e-03 1.892385474124937345e-03
8.312514989890631284e-03 2.143889425149001892e-03
8.909078300934143019e-03 2.428347078571214176e-03
9.548455102782293924e-03 2.749974992554795380e-03
1.023371798632520188e-02 3.113594436486487923e-03
1.096816005273137939e-02 3.524559566743816832e-03
1.175531073878369887e-02 3.988998373263989705e-03
1.259895277795027198e-02 4.513540177946998196e-03
1.350314037869873585e-02 5.106098834905765937e-03
1.447221870741134328e-02 5.774908991368248382e-03
1.551084476952840560e-02 6.530026734016152953e-03
1.662400978926613718e-02 7.382106839541454843e-03
1.781706319545730763e-02 8.343216276040101020e-03
1.909573832878098607e-02 9.426890342036611109e-03
2.046617999391989878e-02 1.064877702529041723e-02
2.193497398905060181e-02 1.202571563002570627e-02
2.350917875457286810e-02 1.357687112562729233e-02
2.519635929317015979e-02 1.532391636461403160e-02
2.700462352420682222e-02 1.729013579523664204e-02
2.894266124716751709e-02 1.950256844687545815e-02
3.101978590138096750e-02 2.199190042278074617e-02
3.324597932270941664e-02 2.479106714269413772e-02
3.563193971228587748e-02 2.793680165767689627e-02
3.818913304781854090e-02 3.147030502632546661e-02
4.092984818452442136e-02 3.543918074717555128e-02
4.386725591048498685e-02 3.989311129040124665e-02
4.701547224022134541e-02 4.488973495729611102e-02
5.038962625065150636e-02 5.049107231938781276e-02
5.400593278542373948e-02 5.677030910645942258e-02
5.788177037701273953e-02 6.380216434851504470e-02
6.203576476104274984e-02 7.167488364945638624e-02
6.648787838417262452e-02 8.048179301634399152e-02
7.125950633568410575e-02 9.032972369023879733e-02
7.637357916378027800e-02 1.013319976699517816e-01
8.185467307069028975e-02 1.136171478697822201e-01
8.772912801613365341e-02 1.273285414098378199e-01
9.402517429670131932e-02 1.426142027048810657e-01
1.007730682094461760e-01 1.596412107037224470e-01
1.080052374516253938e-01 1.786062927126596533e-01
1.157564369553303468e-01 1.996971526515326778e-01
1.240639159058831847e-01 2.231456798763559457e-01
1.329675967466212583e-01 2.491814412956482594e-01
1.425102670302999253e-01 2.780711945766126125e-01
1.527377850390715663e-01 3.100900886797368639e-01
1.636993001611701803e-01 3.455374089284767858e-01
1.754474890833459533e-01 3.847599803415640007e-01
1.880388089340916669e-01 4.280805773954881044e-01
2.015337685941735180e-01 4.759022991175502759e-01
2.159972194782717181e-01 5.286090131702571027e-01
2.314986671851160804e-01 5.866364626633104873e-01
2.481126055137770348e-01 6.504303021138407859e-01
2.659188744512696601e-01 7.204962388175835120e-01
2.850030438518105225e-01 7.972819276065862271e-01
3.054568246515431684e-01 8.813485870246485776e-01
3.273785095948577029e-01 9.732159658598018570e-01
3.508734455902715044e-01 1.073473768593982358e+00
3.760545399658175580e-01 1.182678831062249358e+00
4.030428030568050657e-01 1.301394283505558302e+00
4.319679297334173551e-01 1.430233607484475478e+00
4.629689226627267673e-01 1.569749323587308121e+00
4.961947603002908047e-01 1.720513900965481069e+00
5.318051128214197343e-01 1.883098552265964676e+00
5.699711094326075367e-01 2.058051835070446867e+00
6.108761607505039937e-01 2.245711310183408305e+00
6.547168402004742704e-01 2.446573422924946062e+00
7.017038286703837224e-01 2.661092732307389408e+00
7.520629269592407073e-01 2.889323791548740417e+00
8.060361408861345112e-01 3.131619279619768381e+00
8.638828442740453806e-01 3.387982444166826479e+00
9.258810253973963622e-01 3.658342097387015102e+00
9.923286228832545186e-01 3.942438165907352854e+00
1.063544957486011189e+00 4.240026164366337724e+00
1.139872266616052565e+00 4.550497202356592830e+00
1.221677348996793144e+00 4.873061537671835808e+00
1.309353327353609542e+00 5.206970467601762742e+00
1.403321537605484615e+00 5.550988922301962170e+00
1.504033553638025156e+00 5.903925998936554009e+00
1.611973357388158723e+00 6.264353588541288431e+00
1.727659664669038087e+00 6.630627340952439219e+00
1.851648417912154176e+00 7.000981962645686174e+00
1.984535457805803205e+00 7.373512489911853152e+00
2.126959386668691998e+00 7.746235802622937427e+00
2.279604637318981997e+00 8.117280333738605691e+00
2.443204762186486967e+00 8.484491270727396284e+00
2.618545958474232549e+00 8.845933884177521023e+00
2.806470846309838674e+00 9.199830406214898559e+00
3.007882518043102138e+00 9.544506437287003209e+00
3.223748878149033548e+00 9.878344980617596249e+00
3.455107294592218103e+00 1.020008909056175028e+01
3.703069584005141301e+00 1.050892783404639630e+01
3.968827354637165961e+00 1.080411761757243383e+01
4.253657732750391496e+00 1.108476850006642245e+01
4.558929499981059230e+00 1.135106389000334381e+01
4.886109671160325796e+00 1.160271851184878678e+01
5.236770544204655486e+00 1.184009641861711870e+01
5.612597255954977271e+00 1.206344081379890554e+01
6.015395880274832408e+00 1.227327983343951701e+01
6.447102107323869902e+00 1.247001217613312285e+01
6.909790545715645216e+00 1.265440746864357457e+01
7.405684692262441970e+00 1.282695341744283546e+01
7.937167617217558480e+00 1.298842119852275978e+01
8.506793416364153870e+00 1.313932478397573789e+01
9.117299484984922486e+00 1.328034576597912064e+01
9.771619672696180814e+00 1.341204248468953608e+01
1.047289838236359572e+01 1.353539030521963937e+01
1.122450568085305811e+01 1.364993798583433104e+01
1.203005349423324155e+01 1.375716383748240190e+01
1.289341296525715741e+01 1.385714962512440529e+01
1.381873305653633643e+01 1.395051424563161291e+01
1.481046048880677013e+01 1.403775652251438189e+01
1.587336111010208661e+01 1.411910978135135508e+01
1.701254279852589235e+01 1.419498946269612993e+01
1.823348000868442398e+01 1.426582157397547945e+01
1.954204007974055557e+01 1.433191485777238228e+01
2.094451143151468742e+01 1.439352387510508002e+01
2.244763378413223975e+01 1.445114942626353916e+01
2.405863054644066779e+01 1.450479537682337039e+01
2.578524352884276283e+01 1.455488463803066246e+01
2.763577014736162951e+01 1.460158929818028817e+01
2.961910329772553396e+01 1.464522502284956396e+01
3.174477409109193360e+01 1.468594813622900652e+01
3.402299765678070997e+01 1.472393329667566775e+01
3.646472223212752795e+01 1.475945768463656016e+01
3.908168177536263954e+01 1.479232714095268264e+01
4.188645235435271275e+01 1.482323350083765945e+01
4.489251258218607887e+01 1.485171247755757129e+01
4.811430839003264737e+01 1.487887012683603238e+01
5.156732244854963199e+01 1.490402144686632191e+01
5.526814857144603366e+01 1.492746037020604177e+01
5.923457145875806162e+01 1.494915704628882480e+01
6.348565216305223657e+01 1.496952233036242674e+01
6.804181968927107960e+01 1.498854777415144568e+01
7.292496916841444943e+01 1.500652664751001275e+01
7.815856707684091020e+01 1.502276753548899357e+01
8.376776400682923907e+01 1.503810623702858607e+01
8.977951553033331322e+01 1.505254409596441434e+01
9.622271173675135003e+01 1.506549172497960321e+01
1.031283160672184778e+02 1.507849008692855897e+01
1.105295141126022145e+02 1.509024197222638719e+01
1.184618730902684831e+02 1.510109639899000200e+01
1.269635127659975353e+02 1.511109287538969248e+01
1.360752886424333212e+02 1.512049398892757424e+01
1.458409882943986418e+02 1.512951746461927804e+01
1.563075417945817378e+02 1.513789137067887758e+01
1.795480124687830426e+02 1.515278452582436586e+01
8.248746552614580878e+02 1.522929078440646578e+01
1.015521127634569098e+03 1.524581827916062160e+01
